 26117037664
06087145172
26117004448
15027135606
12057221524
04087113790
04067040126
05127013898
04077006007
07027117346
08037209253
28037221610
23067027191
29057148622
17127118906
09087114055
12057148274
13047145419
30017122068
04017103283
27057107729
12127116324
29107002535
12057137841
17107016228
14067040288
17017145223
24027247713
20107034855
05087100881
22017208245
18057120300
09027142416
26057109377
08087018602
30097138598
17127122350
05037118747
13087143044
23037146536
12057116518
29087012903
16117108914
29117042071
02117135171
02087140582
29117021848
28037220584
19097135501
09107139904
03027229637
26067012169
07077005735
05067031662
14037145115
31037112286
08077137956
26117118958
08087126332
08117129064
09087005531
07127147463
14097022071
31057138486
22097019170
02017216336
27077107628
26027104915
26127134609
31057023506
21057221213
26107137695
12087041083
16017205416
16057207578
22087109481
12345678900
09067043682
08027212833
03057241356
30107039550
24097122578
14047140138
08047110115
01047117220
04057121268
01047102533
20047110336
30057041915
30077140294
01067012999
17017234730
11057216923
04017105537
05037214584
06087127905
10107114799
12107015459
23087120023
12127032902
01087147521